COOKIE=_ga_XPR6BMZXSN=GS2.1.s1750032588$o1$g1$t1750032767$j22$l0$h0; etherscan_offset_datetime=+7; _gid=GA1.2.40202315.1755042516; displaymode=dim; __stripe_mid=8841b0e2-3560-4134-b789-36e344b0fb1bc43690; etherscan_pwd=4792:Qdxb:lqyrTFXJsGsZi1adF0VdcMeGJ49G6Iks2rnqIpg4MZI=; etherscan_userid=chuongpro; etherscan_autologin=True; __cflb=02DiuFnsSsHWYH8WqVXaqSXf986r8yFDrRDaZyyi1Rq4x; ASP.NET_SessionId=qqr0leqxmnbqw4etxv0rirgb; _ga=GA1.2.965266858.1746687754; cf_clearance=Pry2NQ9_DfukWWq60wX7lVd_q9o7NbTFhDxzkVh0liA-1755503158-1.2.1.1-JBvKKK9pl3Kp3AsgCEzLolPJutHrRYkvnJkNh6E5erKujc1fOJVCuZKX7gTg_PakO9Ncmszy3R9T_t82XpRe0aro.fXmu6n2ZSpcjWnLYExHEaUozl9b2k_NhWsiH3XC_ItTJhOludpmz_5EnDU2ch.ER2FF_8M1bPgwn6FsWg470OuKcs4XRh5Ui4epHr12_AhrJtCxfMkvUjdP7zMb.5478RdujCDJW7.SIyg412c; _ga_T1JC9RNQXV=GS2.1.s1755503157$o17$g1$t1755503587$j60$l0$h0
TELEGRAM_TOKEN=6849033596:AAEDXJP9D-g5N7EY8xn8tdxMNRdPP9Depkw
CHAT_ID=324866349
INTERVAL_SECONDS=600